xi,h0,j0,control_mode,ground_state_energy,mean_single_site_entropy,max_single_site_entropy,mean_mutual_information,max_mutual_information,verdict,corr_rho_sigma,rmse_normalized,kl_rho_ent_to_sigma,kl_sigma_to_rho_ent,R_ent_fit,R_sigma_fit,R_d_target,R_d_relative_error,J_eff_mean,J_eff_sum_norm,J_eff_max,J_eff_spectral,J_eff_mean_over_h0,J_eff_spectral_over_h0,xi_over_h0,h0_over_xi
2.0,0.3,1.0,geometric_J,-5.31484568387848,0.7553534273172099,0.9498148016812045,0.5598727926569188,0.9001021259149975,weak_or_failed_closure,0.8777302985160804,0.2030490055409204,0.20729597330490687,0.18271948180125014,13.234307756444954,2.999999999747567,3.0,3.4114359188149845,0.06558469185431448,0.06558469185431448,0.3077365245195682,0.9781708540021856,0.21861563951438162,3.2605695133406187,6.666666666666667,0.15
2.0,0.5,1.0,geometric_J,-6.853288347593119,0.48218680372838135,0.7731194350327829,0.23298757247366275,0.6303194737709883,weak_or_failed_closure,0.9484131625435275,0.13502609499992707,0.08323286625466371,0.07704712093309848,6.402921297910354,2.999999999747567,3.0,1.1343070993034514,0.06558469185431448,0.06558469185431448,0.3077365245195682,0.9781708540021856,0.13116938370862896,1.9563417080043712,4.0,0.25
2.0,0.8,1.0,geometric_J,-9.98532693205967,0.1857206599972012,0.3572975801513447,0.05425250458589388,0.2499297741351384,moderate_closure,0.9917911760015536,0.05525282280570954,0.012732427542234939,0.012290295370317839,3.9332700424193674,2.999999999747567,3.0,0.31109001413978915,0.06558469185431448,0.06558469185431448,0.3077365245195682,0.9781708540021856,0.0819808648178931,1.2227135675027319,2.5,0.4
2.0,1.0,1.0,geometric_J,-12.276058321653911,0.11176293909968144,0.22161202328225502,0.028439434554782424,0.15140276832960659,strong_closure,0.9972973823578913,0.03329608002387333,0.004644819807448287,0.004535628996737838,3.5262084537960168,2.999999999747567,3.0,0.1754028179320056,0.06558469185431448,0.06558469185431448,0.3077365245195682,0.9781708540021856,0.06558469185431448,0.9781708540021856,2.0,0.5
2.5,0.3,1.0,geometric_J,-7.189217656867332,0.8937337695891688,0.977933662571639,0.7964580262235267,0.9559385404405232,weak_or_failed_closure,0.8304806502389213,0.2398381470336816,0.3030033739070571,0.25874650396535315,32.92243180756323,2.999999999747567,3.0,9.974143935854409,0.09934615200044924,0.09934615200044924,0.3895320852502174,1.378950539122207,0.3311538400014975,4.596501797074024,8.333333333333334,0.12
2.5,0.5,1.0,geometric_J,-8.245246145024561,0.7469453018467239,0.9284316654353417,0.5537849327141372,0.8599397372687987,weak_or_failed_closure,0.8762102861828456,0.20746888301813468,0.21824078984513234,0.19140055344665807,14.287304436146316,2.999999999747567,3.0,3.762434812048772,0.09934615200044924,0.09934615200044924,0.3895320852502174,1.378950539122207,0.1986923040008985,2.757901078244414,5.0,0.2
2.5,0.8,1.0,geometric_J,-10.643106531489002,0.449927670481391,0.6962041729944051,0.2171968355694959,0.5344176908404874,weak_or_failed_closure,0.9418396121388714,0.14898119066791002,0.10480506417883392,0.09568586102576643,7.201115499910498,2.999999999747567,3.0,1.4003718333034991,0.09934615200044924,0.09934615200044924,0.3895320852502174,1.378950539122207,0.12418269000056155,1.7236881739027587,3.125,0.32
2.5,1.0,1.0,geometric_J,-12.682549674261868,0.27526103426329585,0.4705319014801001,0.10161697854915415,0.3265811729757808,weak_or_failed_closure,0.9692083510841659,0.11242120346457983,0.057397481231218114,0.053546424770553845,5.498388449173173,2.999999999747567,3.0,0.8327961497243909,0.09934615200044924,0.09934615200044924,0.3895320852502174,1.378950539122207,0.09934615200044924,1.378950539122207,2.5,0.4
3.0,0.3,1.0,geometric_J,-9.321573404235009,0.9468174623009716,0.9871219803415222,0.8960068177886052,0.974279814137606,weak_or_failed_closure,0.8184076858205074,0.25263881620187656,0.34096749569669926,0.2877278708999854,70.53844398561938,2.999999999747567,3.0,22.512814661873126,0.13444555488528329,0.13444555488528329,0.45581228892207687,1.7747621538805451,0.44815184961761095,5.915873846268484,10.0,0.09999999999999999
3.0,0.5,1.0,geometric_J,-10.095253977282715,0.8633719319092569,0.9617616535670778,0.7443775993549211,0.9242169030308207,weak_or_failed_closure,0.8440459230223263,0.23562708006653713,0.29153557963505106,0.24957093097620375,28.220653425896806,2.999999999747567,3.0,8.406884475298936,0.13444555488528329,0.13444555488528329,0.45581228892207687,1.7747621538805451,0.26889110977056657,3.5495243077610903,6.0,0.16666666666666666
3.0,0.8,1.0,geometric_J,-11.897778029813116,0.6861389017485839,0.8750378101508758,0.4733533293908912,0.7662379180792578,weak_or_failed_closure,0.8901640547756369,0.2025852858799919,0.20790620632361304,0.18247891188889542,13.267061906502684,2.999999999747567,3.0,3.422353968834228,0.13444555488528329,0.13444555488528329,0.45581228892207687,1.7747621538805451,0.1680569436066041,2.2184526923506813,3.75,0.26666666666666666
3.0,1.0,1.0,geometric_J,-13.516242203414743,0.5245966577112378,0.7419126144816454,0.290963182116351,0.5800733360573833,weak_or_failed_closure,0.9212080068333339,0.176837037637111,0.15418391538463236,0.13762073418748882,9.471830994183735,2.999999999747567,3.0,2.157276998061245,0.13444555488528329,0.13444555488528329,0.45581228892207687,1.7747621538805451,0.13444555488528329,1.7747621538805451,3.0,0.3333333333333333
4.0,0.3,1.0,geometric_J,-13.714719973960582,0.9805185205964575,0.9936193654872847,0.9613870880866969,0.9872505099011906,weak_or_failed_closure,0.8227375350458483,0.260222375132567,0.3644479082431481,0.30539445975026003,223.44774149032114,2.999999999747567,3.0,73.4825804967737,0.2036029661959819,0.2036029661959819,0.5547400513029217,2.524177003329139,0.6786765539866063,8.413923344430463,13.333333333333334,0.075
4.0,0.5,1.0,geometric_J,-14.203145000273295,0.9469930017863777,0.9818088394439565,0.8967974273440689,0.9637881907584372,weak_or_failed_closure,0.8320369591595191,0.25427383966718964,0.34625039676100444,0.2915272487544207,83.48200529845147,2.999999999747567,3.0,26.827335099483822,0.2036029661959819,0.2036029661959819,0.5547400513029217,2.524177003329139,0.4072059323919638,5.048354006658278,8.0,0.125
4.0,0.8,1.0,geometric_J,-15.375086806684484,0.8699367264091151,0.9501526090391409,0.7577137252676168,0.9020954909306598,weak_or_failed_closure,0.8518576518989005,0.2411734918220878,0.3079618137524396,0.2618957368533849,35.399097772243074,2.999999999747567,3.0,10.799699257414359,0.2036029661959819,0.2036029661959819,0.5547400513029217,2.524177003329139,0.2545037077449773,3.1552212541614235,5.0,0.2
4.0,1.0,1.0,geometric_J,-16.43886557351233,0.8017363010670745,0.9157068227263182,0.6455844125423363,0.837439305742383,weak_or_failed_closure,0.8676450887279145,0.23042469945610533,0.2784402704384322,0.23861966610372629,24.179968834269804,2.999999999747567,3.0,7.059989611423268,0.2036029661959819,0.2036029661959819,0.5547400513029217,2.524177003329139,0.2036029661959819,2.524177003329139,4.0,0.25
